.Random.seed <-
c(403L, 10L, 379994112L, 1973453123L, -70415135L, 1585260112L, 
448305838L, -2009907623L, -230422933L, -608949286L, 339451036L, 
409646751L, 885693685L, 1648303500L, -1597855646L, -1473468355L, 
-1262832969L, 1008269662L, 1282154648L, -136467461L, -1030407783L, 
-269645272L, 657328854L, 1878728529L, 1932706307L, -803973742L, 
-1753279708L, -1405508121L, -234499523L, 2056531124L, 1110403866L, 
-1487126427L, -813963009L, -303511162L, -84549872L, -22295629L, 
1844201553L, 1871903744L, -896008994L, -1494274263L, -1246784805L, 
1356401130L, 1163571596L, -1743391025L, -1021089147L, -794083012L, 
2044374034L, -2119286003L, 52686919L, -1231789522L, -78042232L, 
-1980209525L, -1959045015L, 1255556152L, 2051335398L, -1731621759L, 
747572243L, 1785973698L, 1511732340L, 1206241911L, -1796836499L, 
-1239112700L, 20021034L, -1742242667L, -685081809L, 438340150L, 
1505283680L, 1129647267L, 1030539201L, -87641168L, 897783502L, 
-1601747911L, 1848375883L, 359354362L, 1595149052L, 1939939135L, 
761319445L, -1172651220L, 447973378L, 2128081629L, -1114015273L, 
-2010073922L, 795037432L, -165339941L, 217784121L, 1879145096L, 
-401236426L, -414208399L, 1391275171L, 1739122162L, -1115249340L, 
238028295L, -1017076771L, -984560428L, -1363479558L, -147496123L, 
-1371744353L, -409674458L, 1513334192L, 193789523L, -2081629839L, 
-916074336L, -488079298L, -1100871863L, 677654011L, -1532276278L, 
-435069140L, 624983855L, 1592757733L, 1262973084L, -1246784270L, 
-1215541907L, 354409127L, -413551410L, -151266776L, -1151342037L, 
-220102583L, -29638312L, 897628166L, -1336931871L, -257969293L, 
-113104926L, -1365463212L, 225370711L, 576098893L, 42145252L, 
920874954L, 934908469L, 1920112783L, 472656278L, -263334592L, 
-751376381L, 1283496481L, -798950128L, -1700056338L, -17355111L, 
-124154069L, 281659930L, 954144988L, 1422742751L, -688639307L, 
523191372L, 431028386L, 2001754109L, 2062279927L, -2140491234L, 
-980366120L, -640323525L, -1367918119L, 1717354344L, 408662678L, 
-385082351L, -1722880573L, -1547693614L, 438360164L, -85706841L, 
-680765187L, -369922828L, 302222298L, 1955094309L, 281060927L, 
284831174L, -235304368L, -1387493773L, -1665791343L, -2124590400L, 
1191031966L, 350402665L, 1057772699L, -1704981078L, 578117068L, 
-1002450801L, -2124066619L, -2002468740L, 413949138L, 395785293L, 
453444871L, 601893102L, 760900040L, -398430517L, 1266835241L, 
1077536632L, -1542144858L, 1841835713L, -1937209517L, 2119132162L, 
878453044L, 480029367L, 1184601773L, 1183987652L, -1944469526L, 
-1547902891L, 1032265199L, 1358300662L, 1830871840L, 1431911651L, 
1362704769L, -129716240L, -145437042L, -1002515975L, 1420614539L, 
-1728661574L, 1276696252L, -1757819393L, 1871784789L, -738214804L, 
936851650L, -451417315L, 1751114135L, -1040271106L, -1243305288L, 
387929243L, 604754681L, 409048136L, 1008580470L, 520090289L, 
1183679203L, 1394500018L, 296333828L, -186906297L, -1848044515L, 
1553361556L, -168787398L, 34737285L, -1325461153L, -2066710042L, 
-996691856L, 1776710547L, -1963535311L, 953911164L, -906085424L, 
-1250611934L, -861477208L, 2140326796L, 1796750524L, -1567017166L, 
793219648L, 251652276L, -1673721272L, 1342901690L, -276368880L, 
-740188436L, 44170580L, -1071446766L, -2147468896L, 2140200652L, 
369161824L, -821378110L, 902308648L, 1214487468L, -737599684L, 
492424562L, 1676279600L, -1537014492L, 1168804664L, -1012801830L, 
-2106485872L, 110000892L, 178189204L, -2073591742L, 187564288L, 
-1237732292L, 736916816L, 11514018L, -627049144L, -155411700L, 
893276892L, -112107182L, -2015477632L, 1232346196L, 252734440L, 
-1694989062L, 119185232L, 1510666028L, 483069300L, 596258706L, 
128441440L, -20929140L, 1187003232L, -1521138206L, -253344856L, 
927838412L, 1009368060L, 87380402L, -1914413584L, 994217924L, 
-503430824L, -326843014L, 1330507696L, 580335036L, 1235653716L, 
-256251966L, -1909356512L, 667494588L, -359221680L, 288042978L, 
659531880L, 1762639948L, 597791996L, 473249778L, -860496640L, 
844019060L, -2042304504L, 1676751802L, 335562192L, 1724592108L, 
-1832071788L, -216901166L, 1194713440L, 765573964L, 1029785888L, 
2023868290L, -881473816L, -1632702228L, 2044053564L, 249622386L, 
-748142992L, -3564508L, -1887279304L, -549301094L, 1502470864L, 
-851040068L, 769259156L, -157467006L, 1694976192L, 996777788L, 
-700338032L, -579029470L, 1859009544L, -233693940L, 1220009116L, 
363631122L, 1456104320L, -945424876L, -1355573720L, 700513594L, 
-1730644528L, -790106004L, 37119284L, 1616290450L, 1635120992L, 
-1298206900L, 1014140896L, -1747735646L, 1717595048L, 395270540L, 
1609376956L, -714149518L, 1153855728L, -84664252L, -1570239144L, 
107364922L, -576168080L, 238267452L, -1280881900L, 706860482L, 
-2016782624L, -113462404L, 839234256L, 812192930L, 2024704040L, 
-1601468148L, 1448965052L, -1961802446L, -1993907776L, 980906548L, 
-722040888L, -118184774L, -1308485232L, 1172013548L, -1629487532L, 
723192978L, 461257504L, -587431476L, 678067680L, -1028182334L, 
-1857171416L, 1122573996L, 268988604L, -188860942L, 1740651824L, 
372335780L, 778396344L, -357295782L, 1943196048L, 2035126140L, 
-2049128172L, 1987276610L, -515756288L, -245701700L, 1298987856L, 
-89567454L, 2064778568L, 1213629964L, -288300964L, 1676064978L, 
1091524096L, 2111265108L, 245761512L, -231472134L, 489991376L, 
782350636L, -1387096332L, 2089448850L, -244899744L, 731796748L, 
800473824L, 391300450L, -602076504L, -430214580L, -1030484612L, 
-1408237262L, -1206887312L, 669705028L, -1774356008L, 989781114L, 
-1822794192L, -1766251844L, 1833241428L, 1950892098L, -914196064L, 
737978044L, -1076288048L, 1338289506L, 667869160L, -334311476L, 
2069314300L, 500694514L, 2129982592L, 1914020084L, 1478501000L, 
1123844922L, 272338768L, 1804374636L, 2078267540L, 1467281746L, 
250439392L, -1296191796L, -1511944032L, 1227122562L, -779110680L, 
747568876L, -843087812L, 922340978L, -1954317200L, 1516900900L, 
389832760L, -1996818406L, -1520859440L, -838595524L, -1492601708L, 
-45279102L, 1446457280L, -1768928964L, -507920752L, -660166622L, 
-1660918380L, -882697182L, 1454365495L, -2107400703L, -1250865402L, 
1917748036L, 163501685L, 1206257631L, -2073314504L, -742535914L, 
-1298214621L, -2007811355L, 11694850L, 1320638832L, 1638986009L, 
-72789749L, -281275908L, 1160374826L, 480713311L, 1675102697L, 
-155966722L, -559068436L, -141215171L, 277469703L, 1450388976L, 
534732174L, 1481851835L, -2045354595L, -987405494L, 1150056296L, 
670988625L, 466483779L, 983867204L, 380687346L, -403789369L, 
-758505583L, 59803414L, 400012148L, 389999109L, -790144433L, 
-912697784L, 716789734L, 2138044691L, 830670453L, -1645618094L, 
1730287264L, -781479031L, 195981243L, 1913270284L, 729644442L, 
947617039L, -14785703L, -368402962L, 1626167420L, -259371795L, 
-1652446313L, -405097376L, -156355010L, 225033995L, 179389837L, 
-240521542L, 1430355192L, 1015241377L, -1615488429L, -1327233676L, 
-1331246334L, -1533011049L, 1895288161L, -254530138L, 1637044132L, 
-1240950187L, -583668993L, -708456552L, -851058506L, -1661328061L, 
310559877L, -1482392286L, -1586452976L, 1086399929L, 254375531L, 
-1120761508L, 614105226L, -1071552385L, -1446123063L, 279259742L, 
1027899660L, -975743779L, -924229145L, 516561424L, -1506666706L, 
1314536411L, 703691965L, 302906922L, 1001247432L, 715147249L, 
368806243L, -205620892L, -343597934L, 458215783L, 179749681L, 
1913251958L, 472543636L, -1112484443L, 1124634287L, 520034152L, 
-1366836410L, -1043547405L, -532351915L, 1082341426L, 1145763328L, 
-1590585623L, 517727579L, 1276823468L, 467807162L, 1700607343L, 
1052524281L, -1601075314L, 630760028L, 1118838989L, 557322295L, 
462949056L, -55980642L, -1478910357L, -94636563L, -1621261222L, 
-1157336296L, -1615783807L, -170893773L, 1512752212L, 1354793058L, 
-1487993097L, 1686976833L, 1937989574L, 1003169028L, 681262261L, 
-1049994337L, -1353559048L, -1256706602L, 354669667L, -2114879451L, 
-1907984446L, -473273168L, -407664423L, 1945378379L, 436556988L, 
1414376170L, 325266207L, -742571095L, -1102772930L, 2094394412L, 
