.Random.seed <-
c(403L, 10L, -1275025675L, -95545009L, 910267990L, 1037266176L, 
-1697367997L, 1614699489L, 1940095824L, -213600850L, 60906329L, 
1276973419L, -259565350L, 809111964L, 1713995167L, 457814005L, 
1364745868L, -620348574L, 1507873597L, 1976181687L, 477210718L, 
-138197608L, -475336453L, 710667417L, -283136728L, 9886678L, 
1805328465L, 1078907651L, 1109189266L, -343453660L, -250495257L, 
-504884419L, 145976244L, 1591253018L, 496823141L, -971459073L, 
354744454L, -176446448L, 1398216371L, 159778129L, -1815651072L, 
-1294309410L, -1067408343L, 1501217755L, -1594533654L, 958985868L, 
1627531727L, -1802166907L, 1822557756L, -1022571758L, 1913972749L, 
1052465991L, -1995697874L, 1936169096L, 1377418635L, -1131068055L, 
1133717304L, 1362700774L, -1198715519L, -1775951597L, -1268990270L, 
-1865991820L, -1441554057L, 335835757L, -1348141820L, -375826390L, 
-904317547L, -1588880849L, 783083318L, -1907959968L, 1286258083L, 
582907585L, -954593616L, 846391758L, 71040313L, -1469812405L, 
328504058L, -741014532L, 697787455L, 236494101L, -321059284L, 
533605122L, -1411450915L, 2073649879L, 47775166L, 475903992L, 
2099131355L, 1206226489L, -1081387128L, -1598970058L, 1346999665L, 
-1122807901L, -467634446L, -929743292L, 423649543L, 295409885L, 
-1152791084L, -1285603078L, 1033754693L, -1332830049L, -468071898L, 
87228080L, -1783110829L, -1367568783L, -21548128L, -1389292738L, 
-663389623L, 58887931L, -351105334L, 1830670380L, -2077579217L, 
-680027931L, -756321892L, 1414700018L, -776821139L, -467749977L, 
-1018827314L, 393227048L, -1775148757L, 1671863113L, 28467288L, 
-736897786L, 1640136929L, 504723571L, -1575103262L, -223959980L, 
1276512599L, 1564109133L, -731280156L, 918040778L, -235135691L, 
-1201523825L, 1313286294L, 851589184L, -1273995005L, -1111536351L, 
-2026643952L, -339137042L, 1976934809L, 1363635755L, -574802150L, 
-16314916L, -1773636641L, 1052799925L, 1978240332L, -2037781598L, 
-755809539L, 305372151L, 2095039774L, 1069688792L, 693188923L, 
-420966695L, 668115560L, 416318358L, -809883887L, -1103691581L, 
-131489582L, 902595940L, -653969241L, 603590141L, 961949684L, 
677402842L, -306079195L, -1632929985L, 833139910L, -1972508336L, 
2077153651L, -25140335L, 1025373632L, -555274338L, 906924393L, 
813228443L, -1713744726L, 5296844L, 1797823375L, -1274191931L, 
-1449589892L, -476251182L, -1676297395L, -56227321L, -1110255122L, 
110671048L, 684825547L, -978039255L, 578192504L, -1395375706L, 
-1345215551L, -561393581L, 2114017026L, 282075700L, -70314057L, 
1954498477L, -1543342908L, 2029844714L, 1763352405L, -934154001L, 
1884829430L, -2006441440L, 825894883L, -294073215L, 76876528L, 
1559675278L, 542781177L, -460399477L, -964410182L, -201859140L, 
874945791L, 1928458325L, 386376556L, 896506818L, -946418659L, 
-1568494441L, 1866467838L, -1954756168L, -1891580517L, 546335737L, 
286978888L, -2075533706L, 579753905L, -612193821L, 1519451826L, 
-1470024956L, -2145243065L, -1347037411L, -371315308L, -1191259846L, 
-721408635L, 2092770911L, 770117862L, 309687572L, -486589246L, 
-2061951904L, 1307960700L, 1335435216L, 327930146L, -1048299864L, 
-833284212L, -187341636L, 1344420658L, 1469810240L, 1577141428L, 
-1562381240L, 1036531130L, -859997680L, -871588628L, -445611692L, 
1326117650L, -1562546784L, -100222260L, 1853553248L, 119328706L, 
873132840L, 1701837228L, -2094441156L, 485858162L, -1778127568L, 
-608409820L, 808387896L, -851556646L, -1906483312L, 1535924988L, 
-784360556L, -715033534L, -985664256L, -1212282820L, -1536508592L, 
128148642L, 1360276296L, -864985332L, 12140252L, 750235474L, 
158742144L, 1613690964L, -545766424L, -746231046L, -1066756784L, 
-1284702420L, -118316172L, 1786127250L, 1082471008L, 750032780L, 
-908380320L, -947092510L, -1277191256L, 1565805772L, 123902460L, 
-558745678L, 1318077936L, -146905660L, 974076248L, 539823482L, 
1768537520L, -960814148L, 694685780L, -1270419518L, -1223352288L, 
-2034405188L, -179987888L, 301180898L, 1140915816L, 2140655180L, 
-164138756L, -1895974926L, -194468608L, -939023500L, -356081656L, 
1466069434L, 670490064L, 1648309228L, 1133857684L, 1567775698L, 
-828987552L, 301023564L, -693489376L, 1873710978L, 1919026920L, 
-207202068L, -1957767620L, -727338126L, 1377359472L, -1036360668L, 
-802492616L, 187029658L, 1906667216L, -1512125252L, -2101900652L, 
-2114526590L, 1205080256L, 1166443836L, 2061916304L, -75082206L, 
143782408L, -128287476L, 145490588L, 1337112082L, 1550866816L, 
386980372L, 755768872L, -444899014L, 1024502736L, 331075180L, 
1282048820L, -331832686L, 1557996896L, 122658124L, 982905824L, 
956321698L, -1108754520L, -608753780L, -516224324L, 1588822898L, 
6449392L, -2073062332L, -1820134056L, 1524297786L, 1568527216L, 
2015740988L, 1175915284L, -1163651646L, -1180431136L, 790503292L, 
329098960L, -1287177566L, 1287074856L, -1104994036L, -685188164L, 
458992946L, 1455163328L, -1842985420L, 791434184L, 903015610L, 
-1007870064L, -352517652L, 2015913044L, 1203346066L, -416462048L, 
1773496780L, -1429404704L, -1156460862L, -1775327704L, 1964031660L, 
1978953404L, -1379659278L, 60051760L, 897472676L, 36952760L, 
1797687130L, -1240326768L, 1757670780L, 2084489492L, -1213704894L, 
-1977617664L, -2144123972L, -441535664L, -1550660318L, -846022328L, 
-118871028L, -1976933284L, 965969106L, 1245656064L, 606844756L, 
-760137240L, -254114822L, 1138238160L, -1138545364L, 76874996L, 
-830143598L, 335172704L, 1135020300L, -542588192L, -1581642398L, 
-1486911832L, -1010721204L, 101983100L, -290525390L, -368096656L, 
1644708164L, 1963194328L, 1686197370L, 1799621168L, 323106492L, 
-1232488620L, -2106931646L, -1064429664L, -297786180L, -1261592112L, 
-882003614L, -622792728L, 1853264844L, -1100765444L, -1616460814L, 
1472179328L, -160397068L, -1992712056L, 1465467194L, -1534547120L, 
1587118188L, 297041044L, -1535146670L, -1411986720L, -50737972L, 
1778922656L, 1679930754L, -1591466776L, -1357380372L, -2001127364L, 
-62051214L, -216064912L, -440077788L, 1082181176L, -702225894L, 
1562987728L, -1645875652L, 1409439892L, 784811138L, -787692608L, 
357650264L, 850593473L, -1261045389L, -1187695980L, 846653218L, 
-884751817L, -757414143L, 296467974L, -547077052L, -716081803L, 
1313511647L, -290755528L, -744731626L, -13243357L, -1885791259L, 
1779748354L, -616323984L, -621161959L, -1620214773L, 1266736892L, 
1046140714L, -414221985L, 1736249577L, -1389074434L, -995120148L, 
-1651433667L, -673053945L, 1804557040L, 1741292174L, 532126907L, 
-1114507107L, -991001526L, -402596248L, 408752721L, -247787197L, 
628328516L, -982693134L, -868396345L, 1594880145L, 1194065430L, 
685636724L, -863668475L, 2062226767L, -1974442168L, -89329946L, 
262901779L, -607246475L, 1484244818L, -1731936352L, -1797174647L, 
844230331L, -717562612L, -386408294L, 828282383L, -495730087L, 
-2049261842L, 193633660L, 624729581L, 28080791L, 803788128L, 
2135363902L, -1273087477L, 1331150477L, 1455170490L, 1460484600L, 
1854031265L, -1248044205L, 561672820L, -1087253502L, -577374569L, 
686432353L, -1510196058L, -180794204L, 809225557L, -1624218113L, 
701590680L, -15574602L, -1953340861L, 746375045L, -529144798L, 
434939664L, -1789660487L, -478484629L, -847042980L, -1366692982L, 
-673414273L, 1956310729L, 194144094L, -881181684L, 1239350237L, 
1056243431L, 1156710160L, -732279250L, -1252494117L, 377428413L, 
1169774378L, -1942589496L, 1157104881L, 502446691L, -1899110812L, 
67544466L, 1720406631L, 2143685169L, 538404726L, 833981588L, 
-988863835L, 1128247215L, -1766855576L, 243040326L, 1272686067L, 
787493205L, -1484127438L, 327161600L, 967001065L, 35593819L, 
-1484701524L, 1042597562L, -687885201L, -1610599943L, 472745102L, 
-656233124L, -1895105075L, 1281343799L, 94383040L, -1861712738L, 
-1044878997L, 1641271533L, -1878415014L, 1368814104L, 1030958977L, 
-468943565L, -915705004L, 1265083746L, 1549366775L, 911744577L, 
641653446L, -354784252L, -1539675211L, 1165149343L, 351514872L, 
704628950L, -1112809117L, -1202115291L, 1533115074L, 1633449904L, 
-2073318439L, -66091701L, -42441796L, -431100950L, 353709087L, 
